30 
30 50 
40 30 50 
40 30 20 50 
40 30 20 50 60 
40 20 10 30 50 60 
40 20 10 30 60 50 80 
40 20 10 30 60 50 80 70 
40 20 10 30 60 50 80 70 90 
40 20 10 30 80 60 50 70 90 100 
==================


40 
40 20 
40 20 60 
40 20 10 60 
40 20 10 30 60 
40 20 10 30 60 50 
40 20 10 30 60 50 70 
40 20 10 30 35 60 50 70 
40 20 10 30 35 60 50 70 65 
40 20 10 30 35 60 50 70 
40 20 10 30 35 60 70 
40 30 10 35 60 70 
==================


60 
60 40 
60 40 80 
60 40 20 80 
60 40 20 50 80 
60 40 20 50 80 70 
60 40 20 50 80 70 90 
60 40 20 10 50 80 70 90 
60 40 20 10 30 50 80 70 90 
60 40 20 10 30 50 80 70 90 100 
60 40 30 10 50 80 70 90 100 
60 40 30 10 50 80 70 90 
70 40 30 10 50 80 90 
==================


25 
25 15 
25 15 50 
25 15 10 50 
25 15 10 22 50 
25 15 10 22 50 35 
25 15 10 22 50 35 70 
25 15 10 4 22 50 35 70 
25 15 10 4 12 22 50 35 70 
25 15 10 4 12 22 18 50 35 70 
25 15 10 4 12 22 18 24 50 35 70 
25 15 10 4 12 22 18 24 50 35 31 70 
25 15 10 4 12 22 18 24 50 35 31 44 70 
25 15 10 4 12 22 18 24 50 35 31 44 70 66 
25 15 10 4 12 22 18 24 50 35 31 44 70 66 90 
25 15 10 4 12 22 18 24 50 35 31 30 44 70 66 90 
25 15 10 4 12 22 18 24 50 35 31 30 44 46 70 66 90 
==================


50 
50 25 
50 25 75 
50 25 15 75 
50 25 15 35 75 
50 25 15 35 75 60 
50 25 15 35 75 60 90 
50 25 15 10 35 75 60 90 
50 25 15 10 35 30 75 60 90 
50 25 15 10 35 30 75 60 55 90 
50 25 15 10 35 30 75 60 55 70 90 
50 25 10 5 15 35 30 75 60 55 70 90 
50 25 10 5 15 35 30 75 60 55 70 90 80 
50 25 10 5 15 35 30 75 60 55 70 90 80 95 
50 25 10 5 15 35 30 40 75 60 55 70 90 80 95 
50 25 10 5 15 35 30 40 45 75 60 55 70 90 80 95 
50 25 10 15 35 30 40 45 75 60 55 70 90 80 95 
50 25 10 15 35 30 40 45 75 60 55 70 95 80 
50 30 10 15 40 35 45 75 60 55 70 95 80 
==================


60 
60 30 
60 30 90 
60 30 20 90 
60 30 20 40 90 
60 30 20 40 90 70 
60 30 20 40 90 70 100 
60 30 20 10 40 90 70 100 
60 30 20 10 40 50 90 70 100 
60 30 20 10 40 50 90 70 80 100 
60 30 20 10 40 50 90 70 80 100 110 
60 30 20 10 40 50 90 70 80 110 100 120 
60 30 20 40 50 90 70 80 110 100 120 
60 40 20 50 90 70 80 110 100 120 
60 40 20 90 70 80 110 100 120 
60 40 20 90 70 80 120 100 
==================


